accuracy = 0.9207258834765998
auprc = 0.5904666426652069
auroc = 0.8824120603015075
eval_loss = 0.4936004153629862
f1_score = 0.5561497326203209
fn = 95
fp = 71
mcc = 0.5140994397553503
tn = 1824
tp = 104
